0.182014
1.09164
0.183019
1.09134
0.185476
1.09054
0.189438
1.08862
0.198110
1.08383
0.201178
1.08237
0.200732
1.08348
0.200550
1.08429
0.198067
1.08629
0.200339
1.08483
0.210016
1.07814
0.209631
1.07820
0.199330
1.08480
0.196345
1.08680
0.196237
1.08699
0.199012
1.08495
0.209086
1.07822
0.209051
1.07848
0.199026
1.08538
0.196213
1.08748
0.196249
1.08730
0.199283
1.08531
0.209486
1.07857
0.209832
1.07839
0.200293
1.08508
0.198042
1.08642
0.200667
1.08436
0.200979
1.08361
0.201234
1.08265
0.198021
1.08399
0.189336
1.08869
0.185518
1.09030
0.182965
1.09088
0.181842
1.09127
