9.20350E-02
0.326649
9.24465E-02
0.326818
9.35383E-02
0.327014
9.49514E-02
0.327190
9.82106E-02
0.326870
9.96184E-02
0.327943
0.100455
0.329894
0.101120
0.332059
0.101332
0.335134
0.102824
0.337682
0.106958
0.338753
0.107940
0.342239
0.105931
0.348007
0.106152
0.353047
0.107570
0.357404
0.109706
0.361969
0.114837
0.364683
0.116473
0.370407
0.114884
0.378425
0.115494
0.385991
0.117499
0.392463
0.120085
0.399247
0.125924
0.404066
0.127860
0.412226
0.126041
0.422817
0.126638
0.432941
0.129072
0.441103
0.130288
0.451378
0.131144
0.461081
0.130406
0.473416
0.126519
0.486509
0.124166
0.501058
0.120885
0.514504
0.117472
0.531777
0.109654
0.551177
0.107067
0.567611
0.106569
0.580228
0.108230
0.592743
0.113048
0.601571
0.115353
0.612719
0.116067
0.623884
0.116987
0.635860
0.116811
0.647270
0.119486
0.656827
0.126772
0.662109
0.128046
0.671668
0.123210
0.684593
0.122771
0.695142
0.124084
0.702970
0.127247
0.709759
0.134999
0.711994
0.136202
0.719017
0.130849
0.730063
0.130093
0.738191
0.131148
0.743866
0.134167
0.748026
0.142132
0.747751
0.143024
0.752601
0.137247
0.761358
0.136427
0.766254
0.138698
0.767781
0.139440
0.770387
0.140099
0.772019
0.138380
0.775173
0.132635
0.780321
0.130120
0.783429
0.128487
0.784539
0.127715
0.785216
