0.297552
1.10838
0.298706
1.10755
0.301779
1.10647
0.305714
1.10372
0.314808
1.09812
0.318008
1.09601
0.318238
1.09669
0.318471
1.09703
0.316457
1.09886
0.318691
1.09692
0.328136
1.08947
0.328019
1.08957
0.318091
1.09686
0.315399
1.09927
0.315335
1.09941
0.317968
1.09731
0.327712
1.08979
0.327877
1.08980
0.318112
1.09733
0.315645
1.09969
0.315728
1.09985
0.318433
1.09773
0.328209
1.09044
0.328129
1.09044
0.318640
1.09790
0.316552
1.09981
0.318601
1.09759
0.318381
1.09711
0.318013
1.09641
0.314802
1.09860
0.305580
1.10432
0.301691
1.10739
0.298841
1.10855
0.297646
1.10933
